		Structural Health Monitor
	 TIMESTAMP 	 ACCx 	ACCy 	ACCz 	  BAT 	 HUM 	 TEMP 	 MAS 	 RLE 
200/1/6 17:12:8		-4.43	-4.47	2.51	203.00	81.00	27.00	5264	5348
200/1/6 17:12:12	-4.39	-4.47	2.47	202.00	81.00	30.00	5284	5332
200/1/6 17:12:17	-4.39	-4.47	2.55	202.00	81.00	30.00	5268	5340
200/1/6 17:12:22	-4.35	-4.51	2.47	202.00	81.00	30.00	5280	5332
200/1/6 17:12:26	-4.35	-4.55	2.51	202.00	81.00	30.00	5292	5340
200/1/6 17:12:31	-4.43	-4.55	2.55	202.00	81.00	30.00	5280	5332
200/1/6 17:12:35	-4.35	-4.55	2.59	202.00	81.00	30.00	5284	5332
200/1/6 17:12:40	-4.43	-4.51	2.55	202.00	81.00	30.00	5280	5352
200/1/6 17:12:44	-4.35	-4.55	2.51	202.00	81.00	30.00	5280	5336
200/1/6 17:12:49	-4.39	-4.51	2.59	202.00	81.00	30.00	5284	5336
200/1/6 17:12:54	-4.35	-4.51	2.63	202.00	81.00	30.00	5276	9260
200/1/6 17:12:58	-4.35	-4.43	2.47	202.00	81.00	30.00	5276	5344
200/1/6 17:13:3		-4.35	-4.51	2.63	203.00	81.00	30.00	5264	5340
200/1/6 17:13:7		-4.39	-4.55	2.59	202.00	81.00	30.00	5288	5328
200/1/6 17:13:12	-4.31	-4.51	2.51	202.00	81.00	30.00	5284	5336
200/1/6 17:13:16	-4.43	-4.55	2.51	203.00	81.00	30.00	5284	5320
200/1/6 17:13:21	-4.35	-4.51	2.51	203.00	81.00	30.00	5280	5332
200/1/6 17:13:26	-4.35	-4.43	2.47	203.00	81.00	30.00	5280	5348
200/1/6 17:13:30	-4.39	-4.51	2.59	203.00	81.00	30.00	5268	5336
200/1/6 17:13:35	-4.31	-4.51	2.47	203.00	81.00	30.00	5284	5332
200/1/6 17:13:39	-4.43	-4.51	2.55	203.00	81.00	30.00	5264	5340
200/1/6 17:13:44	-4.35	-4.51	2.47	203.00	81.00	30.00	5276	5332
200/1/6 17:13:48	-4.39	-4.47	2.63	204.00	81.00	30.00	5260	5340
200/1/6 17:13:53	-4.43	-4.55	2.59	204.00	81.00	30.00	5284	5328
200/1/6 17:13:57	-4.35	-4.47	2.59	205.00	81.00	30.00	5264	5352
200/1/6 17:14:2		-4.28	-4.47	2.51	204.00	81.00	30.00	5268	5340
200/1/6 17:14:7		-4.39	-4.55	2.59	205.00	81.00	30.00	5288	5336
200/1/6 17:14:11	-4.39	-4.43	2.47	205.00	81.00	30.00	5288	5340
200/1/6 17:14:16	-4.43	-4.55	2.51	207.00	81.00	30.00	5284	5328
200/1/6 17:14:20	-4.35	-4.55	2.55	208.00	81.00	30.00	5268	5340
200/1/6 17:14:25	-4.43	-4.51	2.55	207.00	81.00	30.00	5292	5336
200/1/6 17:14:29	-4.39	-4.51	2.55	208.00	81.00	30.00	5280	5344
200/1/6 17:14:34	-4.39	-4.51	2.51	209.00	81.00	30.00	5276	5336
200/1/6 17:14:39	-4.35	-4.47	2.47	213.00	81.00	30.00	5280	5348
200/1/6 17:14:43	-4.28	-4.55	2.59	213.00	81.00	30.00	5288	5332
200/1/6 17:14:48	-5.22	-4.43	-4.51	215.00	81.00	30.00	5288	5336
200/1/6 17:14:52	-1.49	-4.71	3.57	216.00	81.00	30.00	7228	5344
200/1/6 17:14:57	-4.67	-5.33	2.47	216.00	81.00	30.00	5260	7296
200/1/6 17:15:1		-4.55	-4.47	2.79	216.00	81.00	30.00	5292	5320
200/1/6 17:15:6		-4.39	-4.51	2.63	215.00	81.00	30.00	5280	5336
200/1/6 17:15:11	-4.35	-4.47	2.43	215.00	81.00	30.00	5280	5328
200/1/6 17:15:15	-4.43	-4.51	2.55	216.00	81.00	30.00	5288	5352
200/1/6 17:15:20	-4.39	-4.47	2.55	216.00	81.00	30.00	9204	5340
200/1/6 17:15:24	-4.39	-4.51	2.51	215.00	81.00	30.00	5264	5344
200/1/6 17:15:29	-4.31	-4.55	2.51	214.00	81.00	30.00	5292	5332
200/1/6 17:15:33	-4.39	-4.55	2.51	213.00	81.00	30.00	5288	5336
200/1/6 17:15:38	-4.31	-4.43	2.51	212.00	81.00	30.00	5284	5344
200/1/6 17:15:42	-4.35	-4.51	2.51	212.00	81.00	30.00	11140	5328
200/1/6 17:15:47	-4.39	-4.51	2.59	212.00	81.00	30.00	5288	9256
200/1/6 17:15:52	-4.39	-4.55	2.55	212.00	81.00	30.00	5288	5328
200/1/6 17:15:56	-4.43	-4.51	2.59	212.00	81.00	30.00	5284	5356
200/1/6 17:16:1		-4.47	-4.55	2.59	211.00	81.00	30.00	5276	5352
200/1/6 17:16:5		-4.39	-4.55	2.55	211.00	81.00	30.00	5284	5336
200/1/6 17:16:10	-4.43	-4.51	2.55	211.00	81.00	30.00	5284	5332
200/1/6 17:16:14	-4.28	-4.51	2.51	211.00	81.00	30.00	5260	5336
200/1/6 17:16:19	-4.35	-4.51	2.47	211.00	81.00	30.00	5280	5332
200/1/6 17:16:24	-4.43	-4.55	2.59	212.00	81.00	30.00	5276	5352
200/1/6 17:16:28	-4.39	-4.43	2.51	211.00	81.00	30.00	5280	5340
200/1/6 17:16:33	-4.39	-4.47	2.51	211.00	80.00	30.00	5268	5348
200/1/6 17:16:37	-4.39	-4.47	2.47	211.00	81.00	30.00	5280	5348
200/1/6 17:16:42	-4.31	-4.47	2.47	212.00	81.00	30.00	5284	5336
200/1/6 17:16:46	-4.43	-4.47	2.55	212.00	81.00	30.00	5284	5332
200/1/6 17:16:51	-4.35	-4.51	2.55	212.00	81.00	30.00	5276	5348
200/1/6 17:16:56	-4.35	-4.43	2.51	212.00	81.00	30.00	7212	5340
200/1/6 17:17:0		-4.35	-4.51	2.51	213.00	81.00	30.00	5292	7288
200/1/6 17:17:5		-4.31	-4.43	2.47	212.00	81.00	30.00	5268	5352
200/1/6 17:17:9		-4.31	-4.51	2.51	212.00	81.00	30.00	5280	5340
200/1/6 17:17:14	-4.39	-4.55	2.59	212.00	81.00	30.00	5292	5336
200/1/6 17:17:18	-4.35	-4.43	2.59	212.00	81.00	30.00	5264	5348
200/1/6 17:17:23	-4.16	-4.35	2.16	211.00	81.00	30.00	5284	5352
200/1/6 17:17:28	-3.30	-4.51	2.71	211.00	81.00	30.00	5276	5336
200/1/6 17:17:32	-4.35	-4.51	2.43	211.00	81.00	30.00	5272	5344
200/1/6 17:17:37	-4.43	-4.51	2.51	212.00	81.00	30.00	5268	5336
200/1/6 17:17:41	-4.39	-4.55	2.55	212.00	81.00	30.00	5264	5340
200/1/6 17:17:46	-4.31	-4.55	2.51	212.00	81.00	30.00	5284	7280
200/1/6 17:17:50	-4.39	-4.55	2.51	212.00	81.00	30.00	5284	5336
200/1/6 17:17:55	-4.35	-4.51	2.51	212.00	81.00	30.00	5284	7288
200/1/6 17:17:59	-4.35	-4.43	2.47	212.00	81.00	30.00	5272	5348
200/1/6 17:18:4		-4.35	-4.47	2.55	211.00	81.00	30.00	5276	5336
200/1/6 17:18:9		-4.35	-4.51	2.51	211.00	81.00	30.00	5280	5332
200/1/6 17:18:13	-4.31	-4.51	2.51	212.00	81.00	30.00	5272	9236
200/1/6 17:18:18	-4.43	-4.47	2.51	212.00	81.00	30.00	5276	5352
200/1/6 17:18:22	-4.39	-4.51	2.47	212.00	81.00	30.00	5284	5340
200/1/6 17:18:27	-4.47	-4.47	2.55	212.00	81.00	30.00	5280	5340
200/1/6 17:18:31	-4.39	-4.51	2.51	211.00	81.00	30.00	5280	5348
200/1/6 17:18:36	-4.28	-4.59	2.63	212.00	81.00	30.00	9156	5332
200/1/6 17:18:41	-4.39	-4.47	2.55	212.00	81.00	30.00	5280	5332
200/1/6 17:18:45	-4.47	-4.47	2.55	213.00	81.00	30.00	5264	5340
200/1/6 17:18:50	-4.39	-4.51	2.51	213.00	81.00	30.00	5272	5344
200/1/6 17:18:54	-4.39	-4.59	2.59	214.00	81.00	30.00	5288	5340
200/1/6 17:18:59	-4.43	-4.55	2.59	213.00	81.00	30.00	9200	5356
200/1/6 17:19:3		-4.39	-4.51	2.51	215.00	81.00	30.00	5296	7280
200/1/6 17:19:8		-4.35	-4.55	2.47	215.00	81.00	30.00	5288	5344
200/1/6 17:19:13	-4.31	-4.55	2.51	215.00	81.00	30.00	5284	5340
200/1/6 17:19:17	-4.39	-4.51	2.55	215.00	81.00	30.00	5288	5340
200/1/6 17:19:22	-2.79	-4.86	7.02	215.00	80.00	30.00	5264	5352
200/1/6 17:19:26	-4.35	-4.47	2.47	216.00	81.00	30.00	5284	7268
200/1/6 17:19:31	-4.39	-4.47	2.51	218.00	81.00	30.00	5280	5344
200/1/6 17:19:35	-4.31	-4.55	2.47	218.00	81.00	30.00	5276	5336
200/1/6 17:19:40	-4.39	-4.43	2.55	218.00	81.00	30.00	5268	5344
200/1/6 17:19:44	-4.35	-4.51	2.47	219.00	81.00	30.00	5280	5344
200/1/6 17:19:49	-4.35	-4.51	2.51	218.00	81.00	30.00	7228	5332
200/1/6 17:19:54	-4.35	-4.47	2.51	218.00	81.00	30.00	5288	5332
200/1/6 17:19:58	-4.35	-4.47	2.59	216.00	81.00	30.00	5268	5352
200/1/6 17:20:3		-4.39	-4.47	2.59	216.00	81.00	30.00	5276	5348
200/1/6 17:20:7		-4.39	-4.51	2.59	216.00	81.00	30.00	5276	5352
200/1/6 17:20:12	-4.39	-4.51	2.59	216.00	81.00	30.00	5268	5340
200/1/6 17:20:16	-4.35	-4.51	2.51	214.00	81.00	30.00	5284	5340
200/1/6 17:20:21	-4.31	-4.55	2.51	217.00	81.00	30.00	5280	5328
200/1/6 17:20:26	-4.39	-4.39	2.55	216.00	81.00	30.00	5280	5348
200/1/6 17:20:30	-4.35	-4.47	2.63	216.00	81.00	30.00	5284	5340
200/1/6 17:20:35	-4.31	-4.51	2.59	214.00	80.00	30.00	5264	5344
200/1/6 17:20:39	-4.31	-4.43	2.55	217.00	80.00	30.00	5268	5352
200/1/6 17:20:44	-4.39	-4.51	2.59	218.00	81.00	30.00	5264	5348
200/1/6 17:20:48	-4.39	-4.55	2.67	218.00	81.00	30.00	5268	5340
200/1/6 17:20:53	-4.31	-4.47	2.63	218.00	81.00	30.00	5280	5340
200/1/6 17:20:58	-4.39	-4.51	2.51	217.00	81.00	30.00	5280	5324
200/1/6 17:21:2		-4.39	-4.47	2.55	218.00	81.00	30.00	5280	5344
200/1/6 17:21:7		-4.39	-4.51	2.51	218.00	81.00	30.00	5284	5344
200/1/6 17:21:11	-4.39	-4.51	2.59	218.00	81.00	30.00	5280	5320
200/1/6 17:21:16	-4.35	-4.47	2.51	217.00	80.00	30.00	5276	5340
200/1/6 17:21:20	-4.39	-4.55	2.67	217.00	81.00	30.00	5288	5328
200/1/6 17:21:25	-4.35	-4.47	2.55	217.00	81.00	30.00	7232	5328
200/1/6 17:21:30	-4.39	-4.47	2.55	218.00	81.00	30.00	5284	5332
200/1/6 17:21:34	-4.31	-4.43	2.63	216.00	81.00	30.00	5280	5356
200/1/6 17:21:39	-4.35	-4.55	2.55	218.00	80.00	30.00	5284	5332
200/1/6 17:21:43	-4.35	-4.51	2.55	217.00	81.00	30.00	5284	5344
200/1/6 17:21:48	-4.39	-4.51	2.59	218.00	81.00	30.00	5284	5336
200/1/6 17:21:52	-4.39	-4.51	2.55	218.00	81.00	30.00	7224	5336
200/1/6 17:21:57	-4.39	-4.55	2.51	218.00	81.00	30.00	5284	5344
200/1/6 17:22:1		-4.43	-4.47	2.59	218.00	81.00	30.00	5284	5348
200/1/6 17:22:6		-4.43	-4.47	2.51	219.00	81.00	30.00	5284	5328
200/1/6 17:22:11	-4.39	-4.55	2.59	218.00	81.00	30.00	5284	5340
200/1/6 17:22:15	-4.39	-4.55	2.55	217.00	81.00	30.00	7228	5344
200/1/6 17:22:20	-4.35	-4.55	2.51	218.00	81.00	30.00	5288	5336
200/1/6 17:22:24	-4.35	-4.51	2.51	219.00	81.00	30.00	5280	5348
200/1/6 17:22:29	-4.39	-4.51	2.51	218.00	81.00	30.00	7228	5332
200/1/6 17:22:33	-4.39	-4.51	2.55	219.00	81.00	30.00	5276	5340
200/1/6 17:22:38	-4.35	-4.43	2.47	219.00	81.00	30.00	7228	5340
200/1/6 17:22:43	-4.31	-4.47	2.47	219.00	81.00	30.00	5280	7288
200/1/6 17:22:47	-4.35	-4.47	2.47	219.00	81.00	30.00	5272	5344
200/1/6 17:22:52	-4.39	-4.51	2.59	220.00	81.00	30.00	5288	5336
200/1/6 17:22:56	-4.39	-4.47	2.47	220.00	81.00	30.00	5284	5340
200/1/6 17:23:1		-4.35	-4.43	2.47	220.00	81.00	30.00	5280	5332
200/1/6 17:23:5		-4.39	-4.55	2.55	220.00	81.00	30.00	5268	5348
200/1/6 17:23:10	-4.35	-4.51	2.47	219.00	81.00	30.00	5264	5352
200/1/6 17:23:15	-4.35	-4.51	2.47	219.00	81.00	30.00	5276	5348
200/1/6 17:23:19	-4.31	-4.43	2.51	221.00	81.00	30.00	5264	5348
200/1/6 17:23:24	-4.39	-4.55	2.55	221.00	81.00	30.00	5292	5344
200/1/6 17:23:28	-4.35	-4.55	2.55	220.00	81.00	30.00	7236	5344
200/1/6 17:23:33	-4.43	-4.55	2.51	221.00	80.00	30.00	5268	11180
200/1/6 17:23:37	-4.35	-4.51	2.51	221.00	81.00	30.00	5288	5348
200/1/6 17:23:42	-4.39	-4.51	2.47	220.00	81.00	30.00	5260	5348
200/1/6 17:23:46	-4.39	-4.47	2.59	220.00	81.00	30.00	5288	5340
200/1/6 17:23:51	-4.35	-4.43	2.51	221.00	81.00	30.00	7208	5344
200/1/6 17:23:56	-4.39	-4.43	2.55	221.00	81.00	29.00	5264	9224
200/1/6 17:24:0		-4.39	-4.47	2.55	221.00	80.00	30.00	5280	5336
200/1/6 17:24:5		-4.43	-4.55	2.55	221.00	81.00	30.00	5292	7276
200/1/6 17:24:9		-4.35	-4.51	2.55	220.00	81.00	30.00	5276	5344
200/1/6 17:24:14	-4.39	-4.51	2.51	221.00	81.00	30.00	5280	5352
200/1/6 17:24:18	-4.39	-4.47	2.59	220.00	81.00	30.00	5276	7288
200/1/6 17:24:23	-4.31	-4.43	2.43	220.00	81.00	30.00	5260	5344
200/1/6 17:24:28	-4.35	-4.47	2.47	219.00	81.00	30.00	5284	5352
200/1/6 17:24:32	-4.43	-4.55	2.59	219.00	81.00	30.00	5288	5336
200/1/6 17:24:37	-4.35	-4.47	2.51	219.00	81.00	30.00	5272	5336
200/1/6 17:24:41	-4.35	-4.43	2.55	218.00	81.00	30.00	7228	5332
200/1/6 17:24:46	-4.35	-4.55	2.63	219.00	80.00	30.00	5264	5348
200/1/6 17:24:50	-4.28	-4.47	2.47	219.00	81.00	30.00	5284	5344
200/1/6 17:24:55	-4.39	-4.51	2.51	219.00	81.00	30.00	5264	5340
200/1/6 17:25:0		-4.43	-4.51	2.55	218.00	81.00	30.00	5292	5340
200/1/6 17:25:4		-4.39	-4.55	2.51	218.00	81.00	30.00	5288	5332
200/1/6 17:25:9		-4.31	-4.43	2.47	218.00	81.00	30.00	5264	5352
200/1/6 17:25:13	-4.35	-4.55	2.51	218.00	81.00	30.00	5280	5332
200/1/6 17:25:18	-4.39	-4.51	2.63	218.00	81.00	30.00	5280	5344
200/1/6 17:25:22	-4.31	-4.51	2.51	218.00	81.00	30.00	5280	5336
200/1/6 17:25:27	-4.31	-4.43	2.47	218.00	81.00	30.00	5272	5340
200/1/6 17:25:32	-4.39	-4.47	2.51	218.00	81.00	30.00	5280	5348
200/1/6 17:25:36	-4.39	-4.55	2.55	218.00	81.00	30.00	5284	5328
200/1/6 17:25:41	-4.39	-4.55	2.63	218.00	81.00	30.00	5272	5352
200/1/6 17:25:45	-4.39	-4.51	2.63	218.00	81.00	30.00	5268	5336
200/1/6 17:25:50	-4.39	-4.55	2.51	218.00	81.00	30.00	5288	5336
200/1/6 17:25:54	-4.31	-4.47	2.47	218.00	81.00	30.00	7224	5332
200/1/6 17:25:59	-4.39	-4.51	2.55	220.00	81.00	30.00	5276	5340
200/1/6 17:26:3		-4.31	-4.47	2.55	219.00	81.00	30.00	5280	5332
200/1/6 17:26:8		-4.31	-4.51	2.51	218.00	81.00	30.00	5296	5336
200/1/6 17:26:13	-4.35	-4.55	2.51	218.00	81.00	30.00	5276	5344
200/1/6 17:26:17	-4.39	-4.59	2.59	218.00	81.00	30.00	5288	5344
200/1/6 17:26:22	-4.43	-4.55	2.59	218.00	81.00	30.00	7236	5324
200/1/6 17:26:26	-4.28	-4.51	2.47	216.00	81.00	30.00	5288	5344
200/1/6 17:26:31	-4.43	-4.51	2.63	217.00	81.00	30.00	5288	5332
200/1/6 17:26:35	-4.35	-4.51	2.47	217.00	81.00	30.00	5264	5340
200/1/6 17:26:40	-4.31	-4.51	2.51	217.00	81.00	30.00	5268	5340
200/1/6 17:26:45	-4.39	-4.55	2.55	217.00	81.00	30.00	5276	5344
200/1/6 17:26:49	-4.35	-4.51	2.55	216.00	81.00	30.00	5268	5348
200/1/6 17:26:54	-4.39	-4.47	2.55	216.00	81.00	30.00	5284	5356
200/1/6 17:26:58	-4.31	-4.51	2.51	216.00	81.00	30.00	5288	5336
200/1/6 17:27:3		-4.39	-4.47	2.63	216.00	81.00	30.00	5284	5340
200/1/6 17:27:7		-4.39	-4.51	2.51	216.00	81.00	30.00	5264	5344
200/1/6 17:27:12	-4.35	-4.43	2.47	216.00	80.00	31.00	5292	9252
200/1/6 17:27:17	-4.28	-4.47	2.51	216.00	81.00	30.00	5280	5320
200/1/6 17:27:21	-4.35	-4.47	2.47	216.00	81.00	30.00	5264	5352
200/1/6 17:27:26	-4.39	-4.51	2.55	217.00	81.00	30.00	5276	5348
200/1/6 17:27:30	-4.35	-4.43	2.51	216.00	81.00	30.00	5264	5340
200/1/6 17:27:35	-4.39	-4.47	2.63	216.00	81.00	30.00	9208	5336
200/1/6 17:27:39	-4.43	-4.55	2.59	216.00	81.00	30.00	5288	5328
200/1/6 17:27:44	-4.31	-4.51	2.51	216.00	81.00	30.00	5280	5344
200/1/6 17:27:48	-4.39	-4.47	2.47	215.00	81.00	30.00	5284	5336
200/1/6 17:27:53	-4.35	-4.55	2.51	215.00	81.00	30.00	5292	5332
200/1/6 17:27:58	-4.31	-4.55	2.59	215.00	81.00	30.00	9208	5328
200/1/6 17:28:2		-4.31	-4.47	2.43	215.00	81.00	30.00	5280	5348
200/1/6 17:28:7		-4.31	-4.39	2.47	216.00	81.00	30.00	5284	5340
200/1/6 17:28:11	-4.39	-4.55	2.63	215.00	81.00	30.00	5284	5320
200/1/6 17:28:16	-4.43	-4.59	2.63	214.00	81.00	30.00	5292	5348
200/1/6 17:28:20	-4.35	-4.47	2.55	214.00	81.00	30.00	5284	5328
200/1/6 17:28:25	-4.39	-4.55	2.59	214.00	81.00	30.00	7232	7284
200/1/6 17:28:30	-4.39	-4.55	2.59	214.00	81.00	30.00	5284	5344
200/1/6 17:28:34	-4.35	-4.47	2.55	214.00	81.00	30.00	5268	5344
200/1/6 17:28:39	-4.28	-4.43	2.55	214.00	81.00	30.00	5276	5336
200/1/6 17:28:43	-4.39	-4.39	2.55	214.00	81.00	30.00	5280	5332
200/1/6 17:28:48	-4.35	-4.55	2.51	214.00	81.00	30.00	7228	5336
200/1/6 17:28:52	-4.43	-4.51	2.55	214.00	81.00	30.00	5272	5348
200/1/6 17:28:57	-4.43	-4.51	2.59	214.00	81.00	30.00	5280	5336
200/1/6 17:29:2		-4.39	-4.51	2.55	214.00	81.00	30.00	5292	5324
200/1/6 17:29:6		-4.39	-4.59	2.55	213.00	81.00	30.00	5284	5336
200/1/6 17:29:11	-4.35	-4.59	2.55	213.00	81.00	30.00	7220	5348
200/1/6 17:29:15	-4.35	-4.55	2.55	214.00	81.00	30.00	5260	5352
200/1/6 17:29:20	-4.43	-4.51	2.59	214.00	81.00	30.00	5264	5348
200/1/6 17:29:24	-4.35	-4.47	2.59	214.00	81.00	30.00	5288	5344
200/1/6 17:29:29	-4.35	-4.55	2.55	213.00	81.00	30.00	5284	5324
200/1/6 17:29:34	-4.43	-4.51	2.59	212.00	81.00	30.00	5276	5344
200/1/6 17:29:38	-4.43	-4.51	2.63	212.00	81.00	30.00	7220	5348
200/1/6 17:29:43	-4.31	-4.55	2.51	213.00	81.00	30.00	5280	5336
200/1/6 17:29:47	-4.35	-4.51	2.59	211.00	81.00	30.00	5276	5336
200/1/6 17:29:52	-4.35	-4.51	2.51	212.00	80.00	30.00	5276	5332
200/1/6 17:29:56	-4.43	-4.43	2.55	213.00	81.00	30.00	5260	5344
200/1/6 17:30:1		-4.43	-4.51	2.55	213.00	81.00	30.00	7216	5340
200/1/6 17:30:5		-4.39	-4.51	2.55	212.00	81.00	30.00	5280	5336
200/1/6 17:30:10	-4.39	-4.59	2.63	212.00	81.00	30.00	5288	5336
200/1/6 17:30:15	-4.31	-4.51	2.47	212.00	81.00	30.00	5284	5344
200/1/6 17:30:19	-4.35	-4.55	2.51	213.00	81.00	30.00	5292	5328
200/1/6 17:30:24	-4.31	-4.51	2.59	212.00	81.00	30.00	5288	5328
200/1/6 17:30:28	-4.35	-4.55	2.59	212.00	81.00	30.00	5284	5328
200/1/6 17:30:33	-2.35	-6.51	-2.47	212.00	81.00	30.00	5264	5344
200/1/6 17:30:37	-4.39	-4.43	2.55	212.00	81.00	30.00	5284	5340
200/1/6 17:30:42	-4.35	-4.55	2.51	212.00	81.00	30.00	5272	5344
200/1/6 17:30:47	-4.43	-4.47	2.55	211.00	81.00	30.00	5264	5348
200/1/6 17:30:51	-4.39	-4.51	2.63	212.00	81.00	30.00	7232	5328
200/1/6 17:30:56	-4.31	-4.43	2.47	212.00	81.00	30.00	5264	5340
200/1/6 17:31:0		-4.39	-4.51	2.51	211.00	81.00	30.00	5264	5352
200/1/6 17:31:5		-4.35	-4.47	2.51	212.00	81.00	30.00	5264	5336
200/1/6 17:31:9		-4.39	-4.47	2.47	211.00	81.00	30.00	5284	5352
200/1/6 17:31:14	-4.39	-4.55	2.59	211.00	81.00	30.00	7232	5332
200/1/6 17:31:19	-4.31	-4.47	2.47	211.00	81.00	30.00	5272	5344
200/1/6 17:31:23	-4.35	-4.51	2.67	211.00	81.00	30.00	5280	5336
200/1/6 17:31:28	-4.31	-4.43	2.51	211.00	81.00	30.00	5276	5344
200/1/6 17:31:32	-4.35	-4.47	2.55	211.00	81.00	30.00	5292	5344
200/1/6 17:31:37	-4.35	-4.43	2.55	211.00	81.00	30.00	5276	5348
200/1/6 17:31:41	-4.35	-4.51	2.55	212.00	81.00	30.00	5268	5340
200/1/6 17:31:46	-4.35	-4.55	2.63	211.00	81.00	30.00	5292	5340
200/1/6 17:31:50	-4.35	-4.43	2.55	211.00	81.00	30.00	5264	5348
200/1/6 17:31:55	-4.43	-4.51	2.59	211.00	81.00	30.00	5272	5340
200/1/6 17:32:0		-4.39	-4.51	2.59	211.00	81.00	30.00	5276	5336
200/1/6 17:32:4		-4.43	-4.47	2.59	211.00	81.00	30.00	7224	5340
200/1/6 17:32:9		-4.43	-4.47	2.51	212.00	80.00	31.00	5292	5340
200/1/6 17:32:13	-4.31	-4.47	2.51	212.00	81.00	30.00	5276	5336
200/1/6 17:32:18	-4.35	-4.43	2.55	212.00	81.00	30.00	5280	5332
200/1/6 17:32:22	-4.31	-4.47	2.59	213.00	81.00	30.00	5272	5352
200/1/6 17:32:27	-4.39	-4.55	2.51	211.00	81.00	30.00	5268	5352
		Structural Health Monitor
	 TIMESTAMP 	 ACCx 	ACCy 	ACCz 	  BAT 	 HUM 	 TEMP 	 MAS 	 RLE 
200/1/9 21:2:16		-4.39	-4.20	2.82	191.00	65.00	32.00	5268	5344
		Structural Health Monitor
	 TIMESTAMP 	 ACCx 	ACCy 	ACCz 	  BAT 	 HUM 	 TEMP 	 MAS 	 RLE 
200/1/9 21:23:34	-4.47	-4.16	2.79	192.00	62.00	32.00	97480	5348
200/1/9 21:23:38	-4.43	-4.20	2.82	192.00	62.00	29.00	5272	5340
200/1/9 21:23:43	-4.43	-4.20	2.86	192.00	62.00	32.00	5284	5344
200/1/9 21:23:48	-4.43	-4.20	2.82	192.00	61.00	33.00	5288	5332
200/1/9 21:23:52	-4.39	-4.20	2.82	192.00	62.00	32.00	5280	5336
200/1/9 21:23:57	-4.47	-4.20	2.79	192.00	62.00	32.00	5284	5340
200/1/9 21:24:1		-4.43	-4.16	2.86	192.00	62.00	32.00	5284	5340
200/1/9 21:24:6		-4.39	-4.16	2.82	192.00	61.00	33.00	5260	5348
200/1/9 21:24:10	-4.51	-4.16	2.86	191.00	62.00	32.00	5260	5352
200/1/9 21:24:15	-4.43	-4.16	2.79	191.00	61.00	33.00	5264	5352
200/1/9 21:24:20	-4.43	-4.24	2.90	191.00	62.00	32.00	5264	5340
200/1/9 21:24:24	-4.47	-4.24	2.79	191.00	62.00	32.00	5288	9268
200/1/9 21:24:29	-4.43	-4.12	2.90	191.00	63.00	32.00	5272	5344
200/1/9 21:24:33	-4.43	-4.12	2.90	191.00	63.00	32.00	5284	5336
200/1/9 21:24:38	-4.43	-4.24	2.86	191.00	61.00	33.00	5276	5352
200/1/9 21:24:42	-4.39	-4.24	2.86	191.00	62.00	32.00	5284	5340
200/1/9 21:24:47	-4.39	-4.20	2.86	191.00	63.00	32.00	5288	5340
200/1/9 21:24:51	-4.35	-4.24	2.82	191.00	62.00	33.00	5292	5332
200/1/9 21:24:56	-4.43	-4.16	2.82	191.00	63.00	32.00	5268	5344
200/1/9 21:25:1		-4.39	-4.20	2.82	191.00	63.00	32.00	5260	5344
200/1/9 21:25:5		-4.39	-4.20	2.79	191.00	61.00	33.00	5264	5348
200/1/9 21:25:10	-4.43	-4.20	2.90	191.00	62.00	32.00	5264	5352
200/1/9 21:25:14	-4.39	-4.20	2.82	191.00	62.00	32.00	5276	5356
200/1/9 21:25:19	-4.43	-4.20	2.86	191.00	63.00	32.00	5260	5352
200/1/9 21:25:23	-4.35	-4.16	2.86	191.00	63.00	32.00	5284	5332
200/1/9 21:25:28	-4.39	-4.20	2.82	191.00	63.00	32.00	5284	5324
200/1/9 21:25:33	-4.43	-4.20	2.79	191.00	63.00	32.00	5268	5352
200/1/9 21:25:37	-4.43	-4.20	2.86	191.00	63.00	32.00	5280	5356
200/1/9 21:25:42	-4.43	-4.20	2.86	191.00	62.00	33.00	5288	5336
200/1/9 21:25:46	-4.43	-4.24	2.86	191.00	62.00	33.00	5284	5344
200/1/9 21:25:51	-4.43	-4.24	2.82	191.00	63.00	32.00	5280	5336
200/1/9 21:25:55	-4.43	-4.20	2.86	191.00	62.00	33.00	5268	5340
200/1/9 21:26:0		-4.43	-4.20	2.82	192.00	62.00	33.00	5288	5332
200/1/9 21:26:5		-4.39	-4.16	2.86	192.00	63.00	32.00	5288	5328
200/1/9 21:26:9		-4.47	-4.16	2.82	192.00	63.00	32.00	5288	5332
200/1/9 21:26:14	-4.43	-4.16	2.79	192.00	62.00	33.00	5268	5344
200/1/9 21:26:18	-4.43	-4.20	2.90	192.00	62.00	33.00	5276	5332
200/1/9 21:26:23	-4.39	-4.20	2.86	192.00	63.00	32.00	5280	5336
200/1/9 21:26:27	-4.39	-4.16	2.90	192.00	62.00	29.00	5264	7288
200/1/9 21:26:32	-4.43	-4.20	2.82	191.00	62.00	33.00	5268	5336
200/1/9 21:26:37	-4.43	-4.24	2.86	192.00	63.00	32.00	5284	5332
200/1/9 21:26:41	-4.39	-4.24	2.82	192.00	63.00	32.00	5284	5340
200/1/9 21:26:46	-4.43	-4.20	2.86	192.00	62.00	33.00	5276	5348
200/1/9 21:26:50	-4.47	-4.20	2.82	192.00	62.00	32.00	5284	5332
200/1/9 21:26:55	-4.39	-4.16	2.86	192.00	63.00	32.00	5284	5340
200/1/9 21:26:59	-4.39	-4.20	2.82	192.00	62.00	33.00	5284	5336
200/1/9 21:27:4		-4.39	-4.24	2.82	192.00	63.00	32.00	5288	5336
200/1/9 21:27:9		-4.39	-4.24	2.86	192.00	62.00	33.00	5288	5336
200/1/9 21:27:13	-4.43	-4.24	2.86	192.00	62.00	33.00	7216	5348
200/1/9 21:27:18	-4.39	-4.20	2.79	192.00	62.00	32.00	5284	5336
200/1/9 21:27:22	-4.43	-4.16	2.90	192.00	62.00	33.00	5280	5332
200/1/9 21:27:27	-4.39	-4.24	2.82	192.00	63.00	32.00	5284	5344
200/1/9 21:27:31	-4.43	-4.28	2.90	192.00	62.00	33.00	5260	5344
200/1/9 21:27:36	-4.43	-4.20	2.86	192.00	63.00	32.00	5284	5328
200/1/9 21:27:40	-4.43	-4.20	2.79	192.00	63.00	32.00	5288	5336
200/1/9 21:27:45	-4.43	-4.16	2.90	192.00	63.00	32.00	5288	5324
200/1/9 21:27:50	-4.43	-4.16	2.82	192.00	63.00	32.00	5288	5348
200/1/9 21:27:54	-4.43	-4.24	2.79	192.00	62.00	33.00	5280	5332
200/1/9 21:27:59	-4.43	-4.24	2.86	192.00	62.00	33.00	5272	5352
200/1/9 21:28:3		-4.43	-4.24	2.86	192.00	63.00	32.00	5288	5332
200/1/9 21:28:8		-4.43	-4.16	2.86	191.00	62.00	32.00	5264	5348
200/1/9 21:28:12	-4.39	-4.20	2.82	192.00	63.00	32.00	5276	5352
200/1/9 21:28:17	-4.39	-4.20	2.82	192.00	63.00	32.00	5288	5340
200/1/9 21:28:22	-4.39	-4.24	3.02	192.00	62.00	33.00	5276	5344
200/1/9 21:28:26	-4.39	-4.20	2.86	192.00	63.00	32.00	7220	5344
200/1/9 21:28:31	-4.43	-4.16	2.79	192.00	63.00	32.00	5284	5336
200/1/9 21:28:35	-4.43	-4.24	2.86	192.00	63.00	32.00	5268	5340
200/1/9 21:28:40	-4.43	-4.20	2.82	192.00	63.00	32.00	5284	5324
200/1/9 21:28:44	-4.43	-4.20	2.90	192.00	63.00	32.00	5264	5348
200/1/9 21:28:49	-4.39	-4.16	2.82	192.00	63.00	32.00	5280	5356
200/1/9 21:28:54	-4.43	-4.20	2.79	192.00	63.00	32.00	5280	5344
200/1/9 21:28:58	-4.43	-4.24	2.82	192.00	63.00	32.00	5276	5340
200/1/9 21:29:3		-4.39	-4.24	2.86	192.00	63.00	32.00	5280	5348
200/1/9 21:29:7		-4.43	-4.24	2.86	192.00	63.00	32.00	5280	5328
200/1/9 21:29:12	-4.39	-4.20	2.82	192.00	63.00	32.00	5280	5336
200/1/9 21:29:16	-4.43	-4.24	2.90	192.00	63.00	32.00	5280	5352
200/1/9 21:29:21	-4.43	-4.16	2.82	192.00	62.00	32.00	5276	5348
200/1/9 21:29:26	-4.43	-4.24	2.86	192.00	62.00	32.00	5284	5332
200/1/9 21:29:30	-4.43	-4.20	2.82	192.00	63.00	32.00	5264	5336
200/1/9 21:29:35	-4.39	-4.16	2.82	192.00	63.00	32.00	5284	5348
200/1/9 21:29:39	-4.43	-4.20	2.86	192.00	63.00	32.00	5292	5344
200/1/9 21:29:44	-4.43	-4.20	2.79	192.00	63.00	32.00	5272	5344
200/1/9 21:29:48	-4.47	-4.20	2.90	191.00	63.00	32.00	5288	5336
200/1/9 21:29:53	-4.43	-4.20	2.86	192.00	63.00	32.00	5288	5348
200/1/9 21:29:58	-4.43	-4.16	2.82	191.00	63.00	32.00	5280	5344
200/1/9 21:30:2		-4.43	-4.20	2.90	191.00	63.00	32.00	5276	5344
200/1/9 21:30:7		-4.39	-4.16	2.82	191.00	63.00	31.00	5276	7280
200/1/9 21:30:11	-4.39	-4.24	2.79	192.00	63.00	32.00	5272	5348
200/1/9 21:30:16	-4.43	-4.20	2.82	191.00	63.00	32.00	5264	5352
200/1/9 21:30:20	-4.43	-4.16	2.90	192.00	63.00	32.00	5280	5348
200/1/9 21:30:25	-4.39	-4.16	2.75	191.00	63.00	32.00	5272	5352
200/1/9 21:30:29	-4.47	-4.24	2.90	192.00	63.00	32.00	5284	5328
200/1/9 21:30:34	-4.47	-4.12	2.90	192.00	63.00	32.00	5292	5332
200/1/9 21:30:39	-4.47	-4.16	2.86	191.00	63.00	32.00	5284	5348
200/1/9 21:30:43	-4.39	-4.20	2.82	191.00	63.00	32.00	5288	5328
200/1/9 21:30:48	-4.43	-4.20	2.82	191.00	63.00	32.00	5280	5336
200/1/9 21:30:52	-4.43	-4.16	2.86	192.00	63.00	32.00	5272	5344
200/1/9 21:30:57	-4.43	-4.20	2.90	192.00	63.00	32.00	5288	9272
200/1/9 21:31:1		-4.39	-4.16	2.82	192.00	63.00	32.00	5276	5356
200/1/9 21:31:6		-4.39	-4.12	2.86	192.00	63.00	32.00	5288	5336
200/1/9 21:31:11	-4.39	-4.20	2.82	192.00	63.00	32.00	5284	5340
200/1/9 21:31:15	-4.43	-4.16	2.79	192.00	63.00	32.00	7232	5348
200/1/9 21:31:20	-4.43	-4.16	2.90	192.00	63.00	32.00	5288	5340
200/1/9 21:31:24	-4.43	-4.24	2.86	192.00	63.00	32.00	5280	5336
200/1/9 21:31:29	-4.39	-4.20	2.86	192.00	63.00	32.00	5264	5348
200/1/9 21:31:33	-4.47	-4.16	2.86	192.00	63.00	32.00	5264	5344
200/1/9 21:31:38	-4.43	-4.16	2.86	192.00	63.00	32.00	5280	5348
200/1/9 21:31:43	-4.39	-4.24	2.94	192.00	63.00	32.00	5272	5356
200/1/9 21:31:47	-4.43	-4.16	2.82	192.00	63.00	32.00	5268	5352
200/1/9 21:31:52	-4.39	-4.20	2.90	192.00	63.00	32.00	5288	5340
200/1/9 21:31:56	-4.43	-4.20	2.82	192.00	63.00	32.00	5288	5348
200/1/9 21:32:1		-4.43	-4.20	2.86	192.00	63.00	32.00	5280	5344
200/1/9 21:32:5		-4.39	-4.16	2.90	192.00	63.00	32.00	5268	5336
200/1/9 21:32:10	-4.47	-4.24	2.75	192.00	63.00	32.00	5284	5340
200/1/9 21:32:15	-4.43	-4.20	2.86	193.00	63.00	32.00	5264	5352
200/1/9 21:32:19	-4.47	-4.20	2.86	193.00	63.00	32.00	5272	5340
200/1/9 21:32:24	-4.43	-4.20	2.86	193.00	63.00	32.00	5284	5336
200/1/9 21:32:28	-4.39	-4.20	2.86	193.00	63.00	32.00	5276	5332
200/1/9 21:32:33	-4.43	-4.20	2.90	193.00	63.00	32.00	5280	5328
200/1/9 21:32:37	-4.43	-4.20	2.86	193.00	62.00	33.00	5284	5344
200/1/9 21:32:42	-4.43	-4.20	2.90	193.00	63.00	32.00	5268	5344
200/1/9 21:32:47	-4.43	-4.16	2.82	193.00	63.00	32.00	5276	5348
200/1/9 21:32:51	-4.43	-4.20	2.86	193.00	63.00	32.00	5264	5348
200/1/9 21:32:56	-4.43	-4.20	2.82	193.00	63.00	32.00	5284	5348
200/1/9 21:33:0		-4.43	-4.16	2.86	192.00	63.00	32.00	5280	5332
200/1/9 21:33:5		-4.47	-4.16	2.82	192.00	64.00	32.00	5276	5344
200/1/9 21:33:9		-4.43	-4.24	2.86	193.00	63.00	32.00	5280	5344
200/1/9 21:33:14	-4.43	-4.16	2.82	192.00	63.00	32.00	5272	5344
200/1/9 21:33:19	-4.39	-4.16	2.94	193.00	63.00	32.00	5268	5336
200/1/9 21:33:23	-4.39	-4.24	2.75	193.00	63.00	32.00	5280	5344
200/1/9 21:33:28	-4.39	-4.16	2.86	193.00	63.00	32.00	5276	5348
200/1/9 21:33:32	-4.39	-4.24	2.86	193.00	64.00	32.00	5268	5344
200/1/9 21:33:37	-4.43	-4.20	2.82	193.00	63.00	32.00	5280	5340
200/1/9 21:33:41	-4.43	-4.20	2.86	193.00	63.00	32.00	5280	5344
200/1/9 21:33:46	-4.43	-4.16	2.94	194.00	64.00	31.00	5268	5348
200/1/9 21:33:50	-4.47	-4.28	2.90	194.00	63.00	32.00	5292	5332
200/1/9 21:33:55	-4.43	-4.16	2.90	194.00	63.00	32.00	5280	5340
200/1/9 21:34:0		-4.31	-4.35	2.86	194.00	63.00	32.00	5280	5328
200/1/9 21:34:4		-4.43	-4.20	2.90	194.00	64.00	32.00	5276	5348
200/1/9 21:34:9		-4.39	-4.12	2.82	194.00	63.00	32.00	5264	5336
200/1/9 21:34:13	-4.43	-4.16	2.86	194.00	63.00	32.00	5264	7300
200/1/9 21:34:18	-4.35	-4.16	2.86	194.00	64.00	32.00	5264	5348
200/1/9 21:34:22	-4.43	-4.16	2.90	194.00	64.00	31.00	5264	5344
200/1/9 21:34:27	-4.39	-4.20	2.79	194.00	63.00	32.00	5292	5324
200/1/9 21:34:32	-4.39	-4.20	2.82	194.00	64.00	32.00	5272	5344
200/1/9 21:34:36	-4.39	-4.20	2.82	193.00	64.00	32.00	7220	5344
200/1/9 21:34:41	-4.43	-4.20	2.82	194.00	64.00	32.00	5284	5332
200/1/9 21:34:45	-4.39	-4.24	2.82	193.00	64.00	32.00	5288	5328
200/1/9 21:34:50	-4.39	-4.16	2.90	193.00	64.00	32.00	5280	5328
200/1/9 21:34:54	-4.43	-4.20	2.86	193.00	64.00	32.00	5284	5336
200/1/9 21:34:59	-4.43	-4.20	2.90	193.00	64.00	32.00	5276	5336
200/1/9 21:35:4		-4.39	-4.20	2.86	193.00	64.00	32.00	5280	7292
200/1/9 21:35:8		-4.39	-4.20	2.86	193.00	64.00	32.00	5272	5344
200/1/9 21:35:13	-4.39	-4.20	2.86	193.00	64.00	32.00	5272	5352
200/1/9 21:35:17	-4.43	-4.16	2.86	193.00	64.00	32.00	5284	5344
200/1/9 21:35:22	-4.51	-4.16	2.86	193.00	64.00	32.00	5292	5344
200/1/9 21:35:26	-4.43	-4.12	2.82	192.00	64.00	32.00	5268	5352
200/1/9 21:35:31	-4.39	-4.24	2.86	193.00	64.00	32.00	5264	5348
200/1/9 21:35:36	-4.43	-4.16	2.86	193.00	64.00	32.00	5268	5332
200/1/9 21:35:40	-4.43	-4.20	2.90	193.00	64.00	32.00	5284	5332
200/1/9 21:35:45	-4.39	-4.20	2.90	193.00	64.00	32.00	5292	5340
200/1/9 21:35:49	-4.43	-4.16	2.86	193.00	64.00	32.00	5292	5348
200/1/9 21:35:54	-4.39	-4.20	2.86	193.00	64.00	32.00	5272	5352
200/1/9 21:35:58	-4.39	-4.24	2.86	193.00	64.00	32.00	5260	5352
200/1/9 21:36:3		-4.43	-4.20	2.86	193.00	64.00	32.00	5284	5332
200/1/9 21:36:7		-4.43	-4.16	2.94	193.00	64.00	32.00	5264	5340
200/1/9 21:36:12	-4.39	-4.24	2.86	193.00	64.00	32.00	5264	5336
200/1/9 21:36:17	-4.47	-4.24	2.79	193.00	64.00	32.00	5284	9244
200/1/9 21:36:21	-4.43	-4.20	2.86	193.00	64.00	32.00	5280	5348
200/1/9 21:36:26	-4.43	-4.16	2.86	193.00	64.00	32.00	5272	5352
200/1/9 21:36:30	-4.43	-4.16	2.86	193.00	64.00	32.00	5268	5344
200/1/9 21:36:35	-4.39	-4.20	2.90	193.00	64.00	32.00	5264	5340
200/1/9 21:36:39	-4.43	-4.16	2.86	194.00	64.00	32.00	5280	5332
